statistic: 2.0423225013216437
pvalue: 0.09147080576469221
variance_homogeneity: True
